Taylor-Cluster-5-1-0.007-16: 0.9691514388518407
Taylor-Cluster-5-1-0.0-16: 0.9733114323229529
Taylor-Cluster-5-1-0.002-16: 0.976302249035798
Taylor-Cluster-5-1-0.003-16: 0.9821204461864546
Taylor-Cluster-5-1-0.004-16: 0.9877897651284002
Taylor-Cluster-5-1-0.005-16: 0.9734244434605352
Taylor-Cluster-5-1-0.006-16: 0.9818638984707649
Taylor-Cluster-5-1-0.005-16: 0.9734244434605352
Taylor-5-1-0.007-16: 0.9744288393389433
